function[M_x,RE_100,RE_400]=ghiavalues_v()
M_x=[1.000 
 0.9688 
 0.9609 
 0.9531 
 0.9453 
 0.9063 
 0.8594 
 0.8047 
 0.5000 
 0.2344 
 0.2266 
 0.1563 
 0.0938 
 0.0781 
 0.0703 
 0.0625 
 0.0000];
RE_100=[0.00000 
-0.05906 
-0.07391 
-0.08864 
-0.10313 
-0.16914 
-0.22445 
-0.24533 
0.05454 
0.17527 
0.17507 
0.16077 
0.12317 
0.10890 
0.10091 
0.09233 
0.00000 ];
RE_400=[0.00000 
-0.12146 
-0.15663 
-0.19254 
-0.22847 
-0.23827 
-0.44993 
-0.38598 
0.05188 
0.30174 
0.30203 
0.28124 
0.22965 
0.20920 
0.19713 
0.18360 
0.00000];
return
end


