function[M_y,RE_100,RE_400]=ghiavalues_u()

M_y=[1.000
 0.9766 
 0.9688 
 0.9609 
 0.9531 
 0.8516 
 0.7344 
 0.6172 
 0.5000 
 0.4531 
 0.2813 
 0.1719 
 0.1016 
 0.0703 
 0.0625 
 0.0547 
 0.0000 ];
RE_100=[1.0 
0.84123 
0.78871 
0.73722 
0.68717 
0.23151 
0.00332 
-0.13641 
-0.20581 
-0.21090 
-0.15662 
-0.10150 
-0.06434 
-0.04775 
-0.04192 
-0.03717  
0.00000];
RE_400=[1.000
0.75837 
0.68439 
0.61756 
0.55892 
0.29093 
0.16256 
0.02135 
-0.11477 
-0.17119 
-0.32726
-0.24299 
 -0.14612 
 -0.10338 
 -0.09266 
 -0.08186 
 0.00000 ];
return
end